Team,Games,Last3,Last1,Home,Away,PrevYrTot
Oklahoma,11.4,14.0,15.0,9.8,12.9,14.3
Air Force,11.4,9.0,12.0,11.8,11.1,9.6
Duke,11.6,14.0,15.0,10.2,12.8,14.3
Princeton,12.7,13.0,12.0,11.4,13.4,15.1
St Marys,12.8,13.0,12.0,12.0,13.5,13.7
Southern,12.8,11.0,15.0,8.5,15.8,15.4
Butler,13.2,16.0,18.0,12.0,14.1,16.0
SE Missouri,13.7,13.0,15.0,15.0,12.8,19.6
St Fran (NY),13.9,13.0,24.0,15.0,13.1,16.5
Prairie View,14.0,14.0,24.0,8.4,17.2,20.1
Wash State,14.0,8.0,12.0,14.5,13.7,14.8
Coastal Car,14.1,13.0,21.0,12.8,15.0,16.0
LIU-Brooklyn,14.3,24.0,21.0,16.5,12.6,17.3
Grambling St,14.3,5.0,3.0,13.2,15.0,15.2
SE Louisiana,14.4,12.0,12.0,11.4,16.0,17.8
Ste F Austin,14.4,15.0,21.0,12.3,15.9,16.7
Fordham,14.6,18.0,21.0,12.0,16.7,23.1
S Illinois,14.6,12.0,18.0,16.3,13.5,14.9
Utah Valley,14.8,14.0,21.0,13.6,15.6,15.0
Alab A&M,14.8,17.0,21.0,12.0,16.2,19.8
Portland St,14.9,12.0,15.0,15.7,14.1,15.6
Sam Hous St,15.0,10.0,15.0,13.2,16.1,18.1
Alabama St,15.0,24.0,30.0,15.9,14.3,17.8
E Kentucky,15.0,5.0,6.0,18.0,13.3,15.0
Wisconsin,15.2,19.0,15.0,15.4,15.0,13.5
Georgetown,15.3,10.0,9.0,15.0,15.6,16.2
Jackson St,15.3,14.0,12.0,14.8,15.7,15.3
Boston U,15.4,29.0,30.0,13.5,16.8,16.3
Drexel,15.6,18.0,6.0,16.1,15.3,17.5
Hawaii,15.6,18.0,18.0,15.9,15.3,14.9
Alcorn St,15.6,13.0,15.0,15.8,15.5,16.9
Toledo,15.6,18.0,27.0,13.4,17.1,19.2
Hampton,15.7,15.0,21.0,12.0,17.3,18.3
Norfolk St,15.8,11.0,9.0,15.9,15.7,17.7
S Methodist,15.8,13.0,9.0,16.2,15.4,20.3
Centenary,15.8,17.0,30.0,17.4,14.8,12.0
Maine,15.9,12.0,18.0,15.3,16.2,16.9
Idaho,15.9,21.0,33.0,16.6,15.4,15.4
S Car State,15.9,9.0,12.0,15.9,15.9,17.4
Cleveland St,15.9,14.0,9.0,12.0,18.6,16.4
Stony Brook,15.9,11.0,18.0,15.0,16.7,15.9
Georgia,16.0,14.0,12.0,15.9,16.0,18.0
UC Davis,16.0,15.0,0.0,12.8,18.2,18.0
Utah,16.1,8.0,12.0,15.6,16.4,12.1
UC Riverside,16.1,18.0,18.0,17.1,15.2,14.3
Mt St Marys,16.1,14.0,21.0,17.5,15.2,18.6
Fresno St,16.1,15.0,21.0,16.8,15.4,19.4
Indiana St,16.2,17.0,21.0,18.9,13.9,16.7
Arkansas,16.2,25.0,24.0,16.7,15.6,19.3
Oklahoma St,16.2,16.0,21.0,17.1,15.6,15.4
Manhattan,16.2,18.0,9.0,12.5,18.8,14.1
WI-Milwkee,16.3,22.0,27.0,14.5,17.5,17.5
Oral Roberts,16.3,17.0,15.0,18.9,14.3,20.3
VCU,16.3,18.0,27.0,16.3,16.3,16.7
Liberty,16.3,13.0,12.0,16.3,16.4,15.7
St Josephs,16.3,13.0,15.0,15.7,16.9,13.6
Nevada,16.4,16.0,6.0,18.6,14.0,14.7
Howard,16.4,22.0,27.0,16.4,16.4,16.8
GA Southern,16.4,15.0,6.0,16.2,16.6,15.8
Minnesota,16.5,15.0,6.0,15.4,17.8,18.6
Morgan St,16.5,11.0,9.0,17.2,16.1,19.1
Northeastrn,16.5,26.0,18.0,14.8,17.7,18.2
Denver,16.6,17.0,21.0,18.5,15.3,18.8
S Florida,16.6,22.0,21.0,14.1,18.6,19.4
S Alabama,16.6,19.0,6.0,16.6,16.5,15.3
Holy Cross,16.6,25.0,21.0,16.9,16.3,13.6
Ohio St,16.7,12.0,6.0,16.9,16.4,21.8
Dartmouth,16.7,11.0,24.0,15.5,17.8,25.7
Florida,16.8,14.0,9.0,15.9,17.6,20.5
Beth-Cook,16.8,16.0,15.0,16.1,17.2,18.9
Delaware,16.8,17.0,12.0,14.1,18.8,14.6
Youngs St,16.8,18.0,15.0,17.1,16.6,15.4
Houston,16.9,18.0,24.0,16.7,17.0,17.3
E Washingtn,16.9,17.0,9.0,13.8,18.7,16.0
Lg Beach St,16.9,19.0,15.0,18.2,15.8,19.5
Bucknell,16.9,15.0,21.0,15.5,17.9,17.2
Delaware St,16.9,14.0,18.0,15.8,17.5,17.3
Col Charlestn,16.9,15.0,12.0,15.8,18.5,16.1
Seton Hall,16.9,26.0,30.0,17.1,16.6,15.3
Creighton,16.9,14.0,24.0,18.4,15.7,15.5
Indiana,17.0,20.0,15.0,16.7,17.3,15.9
Villanova,17.0,19.0,24.0,16.7,17.3,18.5
NC State,17.0,14.0,12.0,17.5,16.5,16.6
W Kentucky,17.0,19.0,12.0,14.8,19.2,22.3
Missouri,17.0,18.0,21.0,16.3,18.0,19.8
VMI,17.0,16.0,15.0,19.9,14.8,17.7
Arizona St,17.1,22.0,33.0,13.5,21.6,19.1
Clemson,17.1,18.0,9.0,20.4,13.7,18.8
IPFW,17.1,9.0,12.0,14.1,18.8,19.7
Cal St Nrdge,17.2,19.0,18.0,16.9,17.4,15.7
Maryland ES,17.3,16.0,21.0,13.3,20.3,15.3
Boise St,17.3,20.0,21.0,14.8,19.9,15.1
UCLA,17.3,17.0,9.0,17.5,17.0,19.9
Miami (OH),17.3,23.0,24.0,16.2,18.2,15.5
Dayton,17.3,15.0,15.0,17.3,17.2,20.7
Murray St,17.3,15.0,18.0,17.5,17.1,18.3
App State,17.3,14.0,15.0,17.5,17.3,16.3
McNeese St,17.4,22.0,27.0,16.5,18.0,15.1
Notre Dame,17.4,14.0,12.0,17.3,17.5,17.4
Sac State,17.4,20.0,15.0,19.3,15.9,13.2
F Dickinson,17.4,11.0,18.0,16.3,18.3,17.0
Charl South,17.5,20.0,33.0,18.8,16.6,18.8
Illinois St,17.5,17.0,15.0,16.9,18.0,16.6
Oregon St,17.5,23.0,27.0,18.0,17.2,21.1
Old Dominion,17.5,21.0,9.0,18.2,17.0,14.8
LA Tech,17.6,25.0,30.0,14.0,20.1,17.9
Mississippi,17.6,23.0,39.0,17.0,18.2,17.7
NC A&T,17.7,15.0,30.0,15.5,18.9,15.5
UCF,17.7,16.0,9.0,20.5,15.5,18.7
San Francisco,17.7,22.0,30.0,18.0,17.4,17.0
Washington,17.7,28.0,33.0,15.2,19.5,18.0
St Peters,17.8,20.0,18.0,16.6,18.5,20.4
Vermont,17.8,14.0,6.0,18.2,17.5,18.8
Memphis,17.8,19.0,24.0,18.3,17.2,19.3
AR Lit Rock,17.9,22.0,12.0,17.5,18.2,19.4
Illinois,17.9,22.0,27.0,17.8,18.0,16.6
Samford,18.0,22.0,21.0,16.4,19.2,19.4
Providence,18.0,28.0,36.0,20.3,15.4,17.6
Vanderbilt,18.1,15.0,15.0,17.4,19.0,21.5
Gard-Webb,18.1,20.0,18.0,16.4,19.2,20.7
Nebraska,18.1,12.0,12.0,20.1,15.5,17.4
St Fran (PA),18.1,13.0,21.0,17.3,18.8,18.0
Lipscomb,18.1,21.0,12.0,16.6,19.6,22.2
TX-Arlington,18.1,15.0,21.0,17.1,18.9,20.4
Austin Peay,18.2,18.0,15.0,16.7,19.3,17.4
Weber St,18.2,12.0,15.0,14.5,20.8,17.8
Maryland BC,18.2,25.0,30.0,18.3,18.2,15.0
St Johns,18.2,18.0,15.0,16.9,20.2,21.4
Colgate,18.2,24.0,39.0,15.0,20.3,15.1
Michigan,18.3,20.0,12.0,17.5,19.4,18.4
Belmont,18.3,23.0,27.0,17.4,19.1,17.4
U Penn,18.3,17.0,24.0,18.0,18.5,15.7
Loyola Mymt,18.3,25.0,15.0,17.3,19.1,14.4
BYU,18.3,18.0,30.0,17.6,19.1,17.8
Ball St,18.3,26.0,27.0,20.8,16.1,18.8
S Mississippi,18.4,22.0,24.0,17.2,19.3,15.6
TX El Paso,18.4,17.0,18.0,19.5,17.3,20.4
Utah St,18.4,23.0,18.0,17.6,19.1,16.7
Tulsa,18.4,20.0,24.0,15.6,21.9,19.6
Lehigh,18.4,18.0,15.0,20.3,17.1,16.9
Quinnipiac,18.5,23.0,30.0,19.4,17.8,21.8
NW State,18.5,14.0,3.0,18.9,18.2,17.6
Akron,18.5,17.0,21.0,17.0,20.3,19.4
Cornell,18.6,14.0,12.0,15.6,20.4,18.9
Jksnville St,18.6,17.0,21.0,21.0,17.3,15.5
Stanford,18.6,28.0,27.0,17.8,19.1,18.0
Niagara,18.6,13.0,9.0,20.4,16.8,18.4
W Virginia,18.6,21.0,33.0,18.2,18.9,20.0
Oregon,18.7,18.0,9.0,18.9,18.5,17.4
Ark Pine Bl,18.7,21.0,18.0,19.7,18.2,15.6
Navy,18.7,21.0,18.0,19.1,18.4,20.4
UL Monroe,18.8,22.0,24.0,15.9,20.8,14.9
Louisiana,18.8,16.0,18.0,13.9,21.6,18.7
Radford,18.8,15.0,21.0,15.6,20.8,19.7
Xavier,18.8,24.0,27.0,18.7,19.1,17.0
USC,18.8,22.0,24.0,21.0,16.8,22.7
St Bonavent,18.9,19.0,15.0,21.8,16.7,20.4
Colorado St,18.9,19.0,6.0,20.5,17.3,15.6
Portland,18.9,15.0,15.0,17.5,19.9,19.6
Loyola-Chi,18.9,23.0,30.0,14.8,21.9,22.0
GA Tech,18.9,19.0,30.0,16.5,21.4,17.2
Michigan St,19.0,22.0,18.0,19.0,19.0,17.9
Kansas,19.0,21.0,24.0,17.7,21.3,18.2
Iowa,19.0,22.0,27.0,17.6,20.3,21.0
Northwestern,19.1,19.0,12.0,15.5,24.0,19.8
Brown,19.1,15.0,9.0,18.5,19.4,22.0
Hofstra,19.1,18.0,12.0,18.8,19.3,23.9
Winthrop,19.1,20.0,15.0,19.4,18.9,20.7
Fairfield,19.1,23.0,27.0,19.8,18.7,18.6
E Illinois,19.1,12.0,15.0,20.5,18.0,20.4
Rice,19.1,22.0,27.0,21.4,17.0,15.8
Furman,19.2,20.0,24.0,18.9,19.4,18.7
VA Tech,19.2,25.0,30.0,17.8,20.8,20.2
Rider,19.2,26.0,27.0,18.3,19.8,18.1
Kent St,19.3,18.0,24.0,19.7,18.9,20.8
U Mass,19.3,21.0,21.0,18.4,20.7,22.6
WI-Grn Bay,19.3,11.0,15.0,19.4,19.3,19.3
NC-Wilmgton,19.3,14.0,12.0,20.3,18.6,16.3
New Orleans,19.3,20.0,15.0,14.2,22.5,19.8
Middle Tenn,19.3,20.0,21.0,18.3,20.1,19.7
Binghamton,19.3,19.0,30.0,19.4,19.3,16.7
N Mex State,19.4,19.0,18.0,21.0,18.2,17.3
Boston Col,19.4,31.0,33.0,18.0,21.2,17.6
UTSA,19.4,22.0,24.0,19.9,19.1,21.4
Texas A&M,19.4,23.0,24.0,20.2,18.3,19.8
DePaul,19.5,20.0,21.0,20.1,18.6,22.1
N Illinois,19.5,24.0,15.0,20.2,19.1,19.4
Loyola-MD,19.5,20.0,27.0,18.5,20.4,19.1
Geo Mason,19.6,22.0,15.0,16.8,21.8,16.8
Marquette,19.6,20.0,15.0,17.7,23.4,21.0
E Michigan,19.6,22.0,27.0,21.8,18.0,18.1
Colorado,19.7,23.0,18.0,21.4,18.0,20.1
New Mexico,19.7,23.0,24.0,20.3,18.9,20.9
CS Fullerton,19.7,28.0,30.0,18.9,20.3,23.4
Connecticut,19.7,26.0,30.0,19.2,20.4,17.5
Kentucky,19.8,21.0,30.0,19.8,19.7,19.1
San Diego,19.8,29.0,24.0,20.5,19.1,27.9
Buffalo,19.8,15.0,15.0,20.2,19.5,18.0
Georgia St,19.8,22.0,33.0,23.7,17.3,17.9
Albany,19.8,19.0,30.0,23.5,17.5,19.2
Valparaiso,19.8,16.0,9.0,20.3,19.5,16.6
N Iowa,19.8,27.0,33.0,19.1,20.5,15.3
E Carolina,19.8,23.0,27.0,20.2,19.6,20.8
Wofford,19.9,17.0,15.0,19.7,20.0,18.7
Wichita St,19.9,31.0,33.0,22.7,17.1,18.1
Towson,20.0,10.0,12.0,19.8,20.1,20.3
San Jose St,20.0,20.0,21.0,21.9,18.2,19.8
Bham Southern,20.0,19.0,27.0,20.2,19.8,18.4
Bowling Grn,20.0,20.0,18.0,19.3,20.8,17.8
Pittsburgh,20.1,24.0,30.0,18.5,22.3,15.4
California,20.1,30.0,21.0,20.3,19.8,19.7
UCSB,20.1,22.0,21.0,18.3,21.4,19.0
Tulane,20.1,16.0,15.0,21.0,19.4,17.8
Harvard,20.1,25.0,21.0,20.3,20.0,22.1
Iowa St,20.1,17.0,24.0,20.1,20.2,23.1
Louisville,20.2,36.0,36.0,18.4,21.8,17.5
Elon,20.2,20.0,33.0,15.0,22.9,21.9
Montana,20.2,19.0,27.0,21.3,19.4,15.2
UNLV,20.2,10.0,9.0,21.4,19.0,18.5
Miss State,20.2,24.0,24.0,20.8,19.9,21.4
Yale,20.3,24.0,24.0,16.1,23.3,19.8
UC Irvine,20.4,18.0,15.0,18.0,22.7,21.2
Detroit,20.4,20.0,30.0,19.2,21.4,17.0
Arkansas St,20.4,26.0,15.0,22.6,18.8,20.8
NC-Asheville,20.4,27.0,27.0,21.3,19.8,20.0
Montana St,20.4,22.0,21.0,17.8,22.7,19.8
Central Mich,20.4,20.0,33.0,15.7,25.2,19.7
Columbia,20.4,23.0,18.0,21.0,19.8,16.6
Miss Val St,20.5,18.0,3.0,19.0,21.2,14.8
High Point,20.5,24.0,21.0,20.5,20.4,18.9
Rob Morris,20.5,19.0,6.0,23.0,18.6,22.8
TX Christian,20.5,21.0,30.0,19.1,21.7,20.9
Charlotte,20.5,17.0,12.0,22.1,19.0,20.2
TX Southern,20.5,12.0,15.0,17.8,23.1,19.0
Wyoming,20.6,22.0,21.0,20.4,20.8,16.2
Chicago St,20.6,16.0,15.0,21.0,20.3,18.1
Iona,20.6,16.0,12.0,19.6,21.3,21.3
TX-Pan Am,20.6,15.0,18.0,19.5,21.4,18.4
N Colorado,20.6,20.0,21.0,21.0,20.5,21.8
North Texas,20.7,27.0,30.0,21.4,19.8,20.3
IL-Chicago,20.7,25.0,12.0,19.0,22.1,18.7
W Carolina,20.7,16.0,9.0,20.1,21.0,19.1
Baylor,20.7,17.0,18.0,21.9,18.8,19.2
Savannah St,20.7,20.0,15.0,18.8,22.1,19.0
Central Conn,20.7,25.0,18.0,20.3,21.0,20.9
Marist,20.7,23.0,15.0,22.2,19.4,17.9
Wright St,20.7,23.0,9.0,21.6,19.8,21.8
Citadel,20.8,22.0,15.0,17.4,23.1,21.6
Arizona,20.8,32.0,48.0,21.0,20.6,24.3
Marshall,20.8,24.0,18.0,21.7,20.0,18.8
Bradley,20.8,24.0,15.0,21.2,20.3,17.0
James Mad,20.8,24.0,21.0,21.0,20.6,22.1
S Carolina,20.8,27.0,27.0,20.8,20.8,17.7
Rutgers,20.9,18.0,21.0,18.2,24.5,15.4
Tennessee,20.9,13.0,21.0,21.8,20.0,20.7
Cincinnati,20.9,20.0,21.0,20.8,21.0,18.8
Lamar,21.0,24.0,21.0,21.3,20.8,22.2
Evansville,21.0,25.0,18.0,21.0,21.0,20.6
TN State,21.0,24.0,24.0,21.3,20.8,22.3
San Diego St,21.0,26.0,27.0,21.6,20.3,21.1
S Utah,21.0,25.0,27.0,19.9,21.8,27.2
TN Tech,21.1,17.0,12.0,20.4,21.6,24.7
Pacific,21.2,22.0,27.0,20.8,21.5,18.4
Santa Clara,21.2,17.0,9.0,20.2,22.2,20.7
Rhode Island,21.2,17.0,24.0,20.1,22.3,18.7
Texas,21.3,19.0,9.0,21.2,21.4,17.8
Kansas St,21.3,22.0,30.0,17.8,26.5,18.9
Texas St,21.4,24.0,18.0,21.7,21.2,20.1
Jacksonville,21.4,18.0,18.0,17.8,24.4,19.8
Nicholls,21.5,12.0,12.0,15.9,25.5,18.8
Florida Intl,21.5,18.0,30.0,20.8,22.2,18.0
UAB,21.5,23.0,21.0,22.3,21.0,16.1
N Arizona,21.6,22.0,18.0,19.8,22.7,19.7
Saint Louis,21.6,20.0,24.0,21.8,21.4,17.7
Richmond,21.6,18.0,21.0,19.5,23.1,15.2
Hartford,21.6,23.0,24.0,18.8,23.8,22.1
Geo Wshgtn,21.7,20.0,21.0,24.5,19.6,19.6
Monmouth,21.7,21.0,15.0,20.1,23.2,22.4
Florida A&M,21.7,24.0,21.0,18.3,23.5,21.6
Texas Tech,21.7,17.0,27.0,21.4,22.0,18.7
NC-Grnsboro,21.8,19.0,21.0,16.5,24.9,20.3
Kansas City,21.8,20.0,9.0,20.2,23.0,20.8
Missouri St,21.8,32.0,45.0,21.5,22.2,22.3
Alabama,22.0,25.0,36.0,20.6,23.3,22.3
Auburn,22.0,32.0,33.0,21.4,22.5,20.9
Florida St,22.0,25.0,30.0,22.6,21.4,22.5
TX A&M-CC,22.0,22.0,27.0,22.5,21.6,22.9
Sacred Hrt,22.1,24.0,15.0,20.2,23.4,21.2
Syracuse,22.1,20.0,21.0,22.5,21.8,17.7
W Illinois,22.2,23.0,18.0,22.1,22.2,20.7
TN Martin,22.2,15.0,18.0,22.9,21.9,20.2
Longwood,22.2,20.0,21.0,24.3,21.0,18.0
W Michigan,22.2,20.0,42.0,22.2,22.3,18.8
N Hampshire,22.2,29.0,27.0,19.9,23.8,20.4
Coppin St,22.3,12.0,12.0,20.7,23.1,20.3
Maryland,22.4,23.0,6.0,22.9,21.7,21.5
Idaho St,22.4,27.0,18.0,22.6,22.3,25.6
Purdue,22.5,33.0,27.0,20.2,25.2,15.4
LSU,22.5,22.0,21.0,23.0,22.0,17.8
Lafayette,22.6,21.0,30.0,22.0,23.0,20.5
IUPUI,22.7,23.0,18.0,19.1,25.1,21.4
American,22.9,21.0,6.0,21.3,24.2,22.9
Wm & Mary,23.0,16.0,24.0,21.0,25.4,22.4
N Carolina,23.0,30.0,36.0,19.8,25.2,22.9
Ohio,23.1,25.0,21.0,23.1,23.0,22.6
Virginia,23.1,20.0,30.0,23.2,22.9,20.6
Cal Poly,23.1,17.0,15.0,21.9,24.2,18.2
Wake Forest,23.1,21.0,21.0,24.0,22.2,21.9
Pepperdine,23.1,25.0,33.0,20.7,24.5,23.7
Siena,23.1,17.0,18.0,25.2,21.5,21.0
Fla Atlantic,23.2,23.0,27.0,24.5,22.3,20.4
Canisius,23.3,26.0,30.0,21.4,25.3,18.8
Davidson,23.3,15.0,9.0,26.2,21.5,23.0
Duquesne,23.4,15.0,18.0,24.5,22.6,23.2
Temple,23.5,16.0,24.0,24.7,22.6,28.8
Wagner,23.6,22.0,15.0,26.0,22.0,23.1
La Salle,24.0,26.0,30.0,22.4,25.3,21.3
Penn St,24.1,26.0,33.0,23.5,24.6,21.6
Morehead St,24.4,20.0,15.0,23.1,25.3,26.8
Oakland,24.4,29.0,36.0,24.9,24.1,16.7
Miami,24.4,29.0,21.0,25.9,22.3,15.3
Army,24.7,24.0,27.0,24.5,24.9,20.3
Gonzaga,25.0,26.0,12.0,22.6,26.7,22.3
Stetson,25.5,36.0,27.0,23.4,26.8,25.0
Campbell,25.6,32.0,27.0,21.5,28.3,28.2
E Tenn St,25.6,26.0,6.0,24.5,26.4,21.0
Mercer,25.6,19.0,36.0,23.5,27.4,24.4
Drake,26.6,21.0,30.0,28.0,25.1,21.8
Troy,27.2,31.0,18.0,29.4,26.1,26.3
Chattanooga,29.7,22.0,24.0,22.4,36.0,23.3
