Team,Games,Last3,Last1,Home,Away,PrevYrTot
VMI,86.1,76.3,73.0,91.8,82.3,90.2
BYU,82.8,79.0,72.0,84.1,81.8,76.8
Providence,82.4,85.7,106.0,82.9,81.7,78.1
Villanova,81.8,72.3,68.0,84.2,80.1,76.8
Kansas,81.6,76.3,67.0,86.8,76.3,76.4
Texas,81.2,76.3,80.0,84.8,77.6,72.3
Syracuse,80.9,75.0,59.0,82.5,79.1,80.0
Seattle,80.3,81.0,74.0,79.8,80.6,60.9
Seton Hall,80.1,78.0,69.0,82.8,76.6,73.7
Xavier,79.8,77.3,96.0,86.5,74.8,71.7
Maryland,79.7,78.7,83.0,84.0,75.4,71.8
Kansas St,79.6,80.3,56.0,79.9,79.4,75.0
Kentucky,79.3,72.7,66.0,83.4,75.2,74.1
Nevada,79.2,78.7,83.0,82.8,76.2,69.9
Washington,79.2,72.7,56.0,85.7,71.9,78.3
Sam Hous St,79.2,70.3,59.0,83.5,76.9,74.9
Houston,78.8,77.3,77.0,80.7,77.3,75.8
Mississippi,78.4,81.0,63.0,81.5,74.6,72.7
Lipscomb,78.2,76.0,69.0,80.4,76.4,75.1
N Mex State,78.2,72.0,67.0,80.6,76.3,76.3
St Marys,77.8,68.0,49.0,82.9,73.6,72.6
Missouri,77.3,68.3,59.0,84.2,68.5,80.8
California,77.2,68.3,53.0,81.8,73.4,74.9
Vanderbilt,77.2,65.0,65.0,82.4,71.9,70.5
Portland St,77.1,69.3,60.0,86.1,72.7,73.0
Duke,77.0,72.3,61.0,85.9,70.3,77.5
Gonzaga,76.8,64.7,65.0,83.1,72.2,78.8
Marshall,76.7,75.3,72.0,82.1,70.1,68.8
Texas Tech,76.7,81.0,87.0,77.9,75.3,74.9
Baylor,76.1,73.0,71.0,79.9,73.4,75.2
Texas St,76.1,87.3,78.0,80.7,73.4,77.7
South Dakota,76.0,81.7,78.0,78.1,74.9,66.3
Rhode Island,76.0,77.0,67.0,82.6,70.1,79.3
VCU,76.0,75.7,71.0,79.3,72.4,71.8
Morgan St,76.0,64.0,50.0,78.1,75.0,66.6
Louisville,75.9,68.7,62.0,79.6,70.9,74.3
New Mexico,75.9,65.0,64.0,77.1,74.7,73.8
Weber St,75.8,65.3,62.0,77.1,74.8,69.9
Memphis,75.4,73.0,81.0,78.2,71.6,75.1
Loyola Mymt,75.4,74.0,76.0,78.2,73.3,56.2
Notre Dame,75.3,50.3,50.0,81.5,67.0,75.0
TX El Paso,75.3,69.0,59.0,75.8,74.8,75.4
Siena,75.1,69.3,64.0,77.7,72.5,77.4
Lehigh,75.1,75.7,74.0,75.4,74.8,63.9
Murray St,75.1,60.0,52.0,78.3,72.9,67.6
Auburn,75.0,73.0,69.0,78.2,71.7,72.7
Col Charlestn,75.0,74.0,86.0,77.1,73.7,77.4
Oakland,74.9,71.0,66.0,83.2,70.2,74.6
Mercer,74.7,73.0,66.0,77.1,72.5,74.3
Arkansas,74.7,67.7,64.0,79.4,67.0,74.6
Cornell,74.7,70.0,45.0,74.5,74.8,72.5
N Carolina,74.5,65.3,68.0,79.9,68.9,89.1
NW State,74.4,75.7,77.0,77.2,72.5,68.7
Colorado,74.3,83.0,67.0,78.7,69.6,62.9
Ohio St,74.1,72.0,73.0,77.9,70.4,66.8
Boise St,74.0,75.7,60.0,73.2,74.8,71.9
Ohio,73.9,82.0,68.0,75.8,72.5,64.8
Oklahoma St,73.8,68.0,59.0,79.6,68.5,80.9
Georgetown,73.5,73.7,83.0,76.1,71.2,69.3
App State,73.5,76.3,56.0,79.9,68.5,74.8
Tennessee,73.5,76.0,69.0,81.4,67.5,78.4
Harvard,73.5,63.0,71.0,76.5,71.2,66.5
Clemson,73.4,66.7,78.0,77.2,69.7,78.3
Charlotte,73.4,66.0,56.0,77.1,69.5,68.7
San Jose St,73.3,67.0,69.0,77.9,69.8,66.5
IUPUI,73.3,68.7,68.0,76.4,71.5,63.8
Quinnipiac,73.2,64.7,61.0,76.8,69.8,66.4
North Texas,73.1,63.7,62.0,73.7,72.7,76.9
W Carolina,73.1,71.3,88.0,78.0,69.6,71.1
Belmont,73.1,77.3,81.0,73.5,72.8,76.6
Marquette,73.1,71.7,78.0,76.9,69.3,78.3
N Colorado,73.1,67.7,59.0,76.0,70.5,70.4
LA Tech,73.1,53.7,40.0,76.4,70.8,64.0
Utah St,73.0,67.0,53.0,78.7,67.2,72.4
S Dakota St,73.0,69.3,66.0,75.5,70.8,68.4
CS Fullerton,72.9,78.3,65.0,73.8,72.3,72.2
Miss State,72.8,76.3,74.0,76.9,68.8,73.6
Wake Forest,72.8,67.7,60.0,76.7,69.1,81.0
TN Tech,72.8,62.3,47.0,73.8,72.1,73.1
VA Tech,72.7,72.7,72.0,75.1,69.8,72.6
Iowa St,72.6,75.7,75.0,75.2,69.2,64.1
UNLV,72.5,60.3,66.0,76.0,69.3,68.8
TX-Arlington,72.5,65.7,54.0,76.1,69.4,77.2
Lafayette,72.5,66.0,59.0,75.9,69.1,65.3
W Virginia,72.4,66.3,57.0,73.9,71.5,72.0
Minnesota,72.4,61.3,54.0,79.0,66.1,66.0
Valparaiso,72.3,73.7,82.0,73.2,71.8,59.8
Boston U,72.2,87.3,75.0,74.1,71.0,68.6
Florida,72.2,79.7,92.0,72.5,71.9,77.1
Niagara,72.2,68.3,63.0,73.7,71.3,76.1
Oklahoma,72.1,65.7,67.0,74.7,69.7,78.7
GA Tech,72.1,63.7,66.0,75.5,69.6,71.2
Sacred Hrt,72.0,65.0,68.0,74.1,70.0,73.5
Arizona,71.9,77.7,69.0,75.6,68.0,72.3
S Carolina,71.8,70.0,63.0,76.6,66.8,78.2
Michigan St,71.8,59.7,50.0,74.2,69.8,72.0
Fla Atlantic,71.8,59.0,51.0,77.9,67.8,65.0
Buffalo,71.6,64.3,59.0,71.2,71.9,65.3
NC-Asheville,71.6,82.0,73.0,77.5,66.5,71.8
Coastal Car,71.5,64.7,49.0,74.6,69.0,67.5
Missouri St,71.4,71.3,78.0,73.6,68.8,60.9
Tulsa,71.4,71.7,74.0,76.7,66.1,66.8
Troy,71.4,60.7,65.0,75.2,69.2,78.1
Wash State,71.4,67.0,80.0,72.8,70.2,59.2
Cal St Nrdge,71.3,64.3,76.0,76.1,68.1,73.6
Miami,71.3,75.7,74.0,73.3,69.6,71.9
Navy,71.3,70.0,60.0,76.1,67.1,71.0
W Kentucky,71.2,65.3,48.0,74.7,67.8,72.5
Austin Peay,71.2,69.7,65.0,73.5,69.5,74.5
Hsn Christian,71.1,80.0,86.0,73.5,69.6,68.1
Portland,71.1,66.7,73.0,78.0,65.8,70.3
SE Louisiana,71.0,83.3,85.0,76.5,67.3,66.9
Fairfield,71.0,73.7,55.0,73.1,69.6,65.4
Akron,70.9,69.0,66.0,73.4,68.4,66.3
Morehead St,70.8,71.3,89.0,73.9,68.3,68.6
Texas A&M,70.8,65.3,61.0,73.7,68.4,71.6
Idaho,70.8,78.3,71.0,71.5,70.3,65.2
Illinois,70.8,74.0,71.0,74.7,66.8,64.8
Norfolk St,70.6,68.0,70.0,74.5,68.7,68.4
Purdue,70.5,64.0,57.0,73.3,68.2,69.1
Longwood,70.4,83.3,81.0,76.8,67.7,74.2
La Salle,70.4,67.0,59.0,73.8,67.7,71.2
Geo Wshgtn,70.3,63.3,73.0,72.1,68.6,66.2
Kent St,70.3,65.7,58.0,77.1,64.6,68.2
Dayton,70.2,74.7,79.0,73.1,67.5,66.8
Vermont,70.2,65.3,56.0,72.5,69.0,76.8
Cal Poly,70.2,75.3,69.0,71.0,69.7,65.3
Duquesne,70.2,77.7,51.0,78.5,63.4,78.9
High Point,70.2,70.3,73.0,74.8,67.2,61.8
E Kentucky,70.2,71.3,79.0,74.2,67.2,71.1
Davidson,70.1,72.7,59.0,68.1,71.6,77.0
Connecticut,70.0,57.7,63.0,72.8,66.4,78.3
U Mass,69.9,66.7,72.0,69.6,70.1,70.9
Oregon,69.9,76.7,74.0,71.1,68.2,67.4
St Bonavent,69.9,68.7,51.0,71.1,68.9,70.1
Creighton,69.8,74.3,61.0,73.5,66.1,73.3
Jacksonville,69.8,64.7,64.0,71.3,69.1,73.8
Radford,69.8,54.7,46.0,71.6,68.1,74.2
LIU-Brooklyn,69.7,70.7,78.0,72.2,67.9,70.6
Lg Beach St,69.7,70.3,64.0,69.3,69.9,71.3
S Illinois,69.7,64.7,61.0,72.1,67.4,63.3
Hofstra,69.6,66.3,60.0,71.5,67.6,66.5
Oral Roberts,69.6,73.0,65.0,66.1,71.7,70.4
Rider,69.5,72.3,62.0,68.2,70.4,72.0
San Diego St,69.5,62.0,59.0,73.1,67.0,67.1
WI-Milwkee,69.3,71.3,59.0,69.0,69.6,67.3
Richmond,69.3,70.7,71.0,71.8,67.5,69.6
Holy Cross,69.3,70.0,63.0,71.1,67.9,64.6
Boston Col,69.2,61.3,62.0,70.9,67.1,74.4
Illinois St,69.2,57.3,42.0,72.4,65.8,71.0
Northwestern,69.1,66.0,64.0,70.7,67.2,63.5
S Car State,69.1,63.3,61.0,74.2,66.5,67.4
Stanford,69.1,65.0,64.0,71.6,66.6,73.2
E Tenn St,69.1,70.7,71.0,71.2,67.8,78.0
St Josephs,69.1,76.7,76.0,70.6,67.8,68.3
Wichita St,69.1,62.3,70.0,73.9,64.2,62.8
Montana,69.0,63.7,57.0,73.3,65.8,64.7
Detroit,69.0,67.0,50.0,72.9,65.8,56.4
UTSA,68.9,69.0,66.0,73.7,65.6,72.1
GA Southern,68.9,79.7,62.0,75.6,64.9,69.6
Cincinnati,68.8,64.3,66.0,75.0,62.2,68.1
W Michigan,68.8,69.3,64.0,70.6,67.4,61.5
Butler,68.7,58.0,59.0,72.5,66.3,67.1
Pittsburgh,68.7,67.3,68.0,71.9,65.1,77.2
Georgia,68.6,63.7,66.0,70.6,66.5,64.9
Centenary,68.6,64.0,67.0,74.7,63.8,64.3
Rob Morris,68.5,67.3,70.0,71.4,66.4,70.5
Towson,68.5,76.0,56.0,70.9,66.3,65.1
Alabama,68.5,69.3,67.0,70.5,66.2,72.8
Wofford,68.4,60.7,49.0,71.7,66.9,68.4
Jksnville St,68.4,57.0,54.0,71.5,64.8,69.0
N Dakota St,68.4,59.7,64.0,67.7,69.0,79.0
Stony Brook,68.3,65.7,66.0,69.8,67.2,64.0
UC Davis,68.3,74.0,62.0,71.0,66.7,73.1
Florida St,68.2,57.7,60.0,73.1,63.3,68.3
Chattanooga,68.2,73.7,69.0,70.9,65.9,74.2
WI-Grn Bay,68.2,61.7,62.0,73.3,64.4,72.4
Hawaii,68.1,68.7,69.0,70.3,63.9,64.0
Furman,67.9,63.3,65.0,69.1,67.1,60.5
Arkansas St,67.9,70.0,64.0,67.8,67.9,64.3
Middle Tenn,67.8,67.7,79.0,69.9,66.1,69.3
San Francisco,67.7,68.0,76.0,72.9,64.3,67.0
Campbell,67.7,57.7,64.0,68.8,66.7,71.2
Wright St,67.6,59.0,45.0,71.3,65.1,60.5
Bradley,67.5,64.7,40.0,71.2,64.1,67.1
Lamar,67.5,63.3,61.0,70.9,64.1,68.8
TX A&M-CC,67.5,71.0,53.0,72.7,64.7,66.7
Louisiana,67.5,59.7,75.0,70.7,65.1,66.0
S Florida,67.5,54.7,57.0,69.7,65.4,59.0
Montana St,67.4,68.0,65.0,70.3,65.2,65.8
Rutgers,67.4,65.3,68.0,69.1,65.2,63.2
Colgate,67.4,76.3,65.0,72.4,63.4,56.7
Florida Intl,67.4,65.3,64.0,70.0,65.7,62.9
TN State,67.3,62.0,51.0,72.5,64.6,71.1
St Johns,67.3,66.3,71.0,66.9,67.6,65.9
N Illinois,67.2,59.7,59.0,71.7,63.3,66.0
Wyoming,67.1,51.3,40.0,72.0,61.2,73.1
Wisconsin,67.1,58.7,69.0,71.1,62.9,63.1
Old Dominion,67.1,59.7,68.0,70.4,64.7,66.7
Gard-Webb,67.1,80.7,86.0,65.6,68.4,73.1
Geo Mason,67.0,68.0,96.0,70.0,64.1,66.3
Bucknell,67.0,61.7,64.0,67.9,66.3,64.3
E Washingtn,67.0,69.0,79.0,72.9,63.2,62.7
UCSB,67.0,65.3,51.0,70.8,64.3,65.5
James Mad,67.0,68.7,65.0,66.1,67.6,70.6
IPFW,67.0,70.7,58.0,71.5,63.8,65.2
UAB,66.9,64.0,55.0,68.9,64.5,72.4
N Arizona,66.9,69.0,60.0,69.3,65.4,64.8
TX Christian,66.9,76.0,85.0,68.6,64.9,63.3
UCLA,66.8,64.3,72.0,68.6,65.1,75.5
Cleveland St,66.8,74.3,75.0,70.9,62.5,65.3
Arizona St,66.7,61.0,66.0,68.8,63.5,69.4
UL Monroe,66.7,71.0,66.0,70.3,64.2,64.3
NC A&T,66.7,62.7,57.0,67.3,66.4,65.4
UC Irvine,66.6,78.0,69.0,67.4,66.1,65.9
NC State,66.6,54.7,52.0,68.5,64.9,73.0
Drake,66.6,52.0,40.0,70.4,62.9,64.2
Brown,66.6,69.3,56.0,65.7,67.2,61.1
TX Southern,66.5,54.7,38.0,75.5,61.6,64.5
E Carolina,66.5,71.0,80.0,63.8,68.5,71.9
Nebraska,66.5,64.7,64.0,69.5,62.9,64.5
Utah,66.4,59.7,61.0,68.7,63.6,71.0
Canisius,66.4,66.3,57.0,65.0,67.3,62.9
Fresno St,66.3,57.0,66.0,68.6,63.7,67.3
UCF,66.2,63.0,54.0,66.4,66.1,70.4
Indiana,66.2,67.0,58.0,70.3,61.3,59.4
Wm & Mary,66.2,57.3,72.0,68.7,64.8,60.7
Idaho St,66.2,66.0,71.0,72.4,62.5,65.0
E Illinois,66.2,61.7,51.0,69.6,62.9,63.4
NC-Wilmgton,66.2,66.7,74.0,65.5,66.6,71.3
Iona,66.1,55.7,64.0,69.1,63.7,62.3
AR Lit Rock,66.1,77.3,82.0,68.5,63.9,66.4
Mt St Marys,66.0,63.3,62.0,68.3,64.3,67.9
McNeese St,66.0,66.7,72.0,65.7,66.1,62.3
E Michigan,65.9,69.7,89.0,65.9,65.8,54.9
Kansas City,65.9,75.0,70.0,66.8,65.1,64.9
Colorado St,65.8,69.0,60.0,71.4,61.2,68.9
Yale,65.8,60.7,59.0,65.1,66.3,62.4
Elon,65.8,73.0,57.0,66.4,65.5,64.7
CS Bakersfld,65.8,66.3,59.0,67.3,64.8,65.0
Pepperdine,65.8,60.3,84.0,67.1,64.5,60.2
S Methodist,65.8,55.0,53.0,69.3,61.5,63.6
S Alabama,65.7,53.7,55.0,65.6,65.9,69.2
Hampton,65.7,76.7,67.0,68.6,64.0,57.5
Pacific,65.6,64.0,65.0,65.7,65.6,66.3
Liberty,65.5,64.7,72.0,62.2,67.7,73.7
Manhattan,65.5,71.3,61.0,66.2,64.9,64.4
Youngs St,65.5,64.7,67.0,65.2,65.7,64.4
Virginia,65.5,60.7,46.0,69.5,60.5,70.0
Indiana St,65.3,64.7,54.0,68.9,62.7,63.0
Kennesaw St,65.0,59.3,64.0,68.6,62.7,57.9
Denver,65.0,66.7,56.0,71.1,58.9,60.8
Loyola-MD,65.0,70.7,79.0,68.0,62.6,67.1
Temple,64.9,59.3,65.0,65.7,64.4,68.6
Penn St,64.9,60.0,55.0,68.3,61.4,67.0
Fla Gulf Cst,64.7,70.7,52.0,64.0,65.2,65.2
Ste F Austin,64.4,61.7,48.0,66.3,63.2,63.5
Northeastrn,64.4,58.7,57.0,67.3,62.5,62.5
Loyola-Chi,64.3,66.0,66.0,65.5,63.3,61.9
Charl South,64.3,72.3,61.0,70.6,60.4,65.3
Fordham,64.0,74.7,100.0,65.6,63.0,61.4
Alabama St,64.0,53.0,44.0,72.4,60.1,68.6
Central Mich,64.0,63.3,60.0,69.8,59.9,62.2
Drexel,63.9,67.0,65.0,68.9,59.9,61.7
Evansville,63.9,52.3,46.0,65.6,62.0,66.1
Alab A&M,63.8,63.3,45.0,67.5,61.0,64.0
Monmouth,63.7,67.0,75.0,67.2,60.9,62.1
Ark Pine Bl,63.7,51.7,44.0,69.2,61.7,62.7
Rice,63.7,63.7,62.0,66.9,59.9,63.8
Nicholls,63.5,67.7,57.0,69.1,61.1,63.1
NC-Grnsboro,63.4,64.7,47.0,66.2,60.8,62.0
Delaware,63.4,58.0,49.0,64.7,62.2,67.9
Santa Clara,63.4,55.0,59.0,63.8,62.9,65.5
F Dickinson,63.3,63.3,61.0,68.1,59.7,63.6
Saint Louis,63.3,63.3,65.0,66.7,58.4,62.2
TN Martin,63.3,58.3,63.0,66.2,61.4,76.8
N Iowa,63.3,63.3,52.0,65.6,61.8,67.3
Grambling St,63.3,60.7,57.0,63.7,63.1,59.6
Michigan,63.3,58.3,68.0,64.2,62.4,66.6
Sac State,63.3,61.0,66.0,65.0,62.1,57.0
Maryland BC,63.1,66.3,59.0,64.2,62.3,64.9
Miss Val St,63.1,66.3,66.0,70.2,59.7,63.4
Bowling Grn,62.8,67.0,73.0,67.1,59.4,63.4
Albany,62.7,63.7,59.0,63.5,62.2,64.0
Florida A&M,62.6,62.3,53.0,63.5,62.2,61.3
American,62.6,65.7,57.0,63.3,62.0,64.5
Jackson St,62.6,61.3,67.0,63.4,62.2,69.9
U Penn,62.5,66.7,56.0,66.1,59.5,65.5
S Mississippi,62.5,60.3,57.0,63.3,61.9,66.3
St Fran (PA),62.5,59.0,50.0,67.5,58.1,61.1
SE Missouri,62.4,62.7,68.0,64.7,60.6,67.0
Miami (OH),62.4,62.7,42.0,62.6,62.2,61.6
Hartford,62.3,61.3,46.0,64.2,61.0,60.5
IL-Chicago,62.2,73.0,67.0,63.2,61.4,66.9
Tulane,62.1,61.0,47.0,62.1,62.2,64.3
St Peters,62.1,55.7,57.0,62.6,61.7,59.3
Maine,62.0,59.7,57.0,58.0,64.4,63.9
Winthrop,62.0,56.3,44.0,66.9,58.8,60.9
S Utah,61.9,65.3,70.0,66.8,57.9,64.4
North Dakota,61.9,68.7,57.0,66.3,58.6,59.4
Central Ark,61.8,61.7,76.0,58.5,63.9,60.5
Georgia St,61.8,67.7,67.0,66.7,58.3,59.3
Binghamton,61.7,72.0,69.0,67.2,58.3,69.6
San Diego,61.7,61.0,57.0,63.2,60.6,60.4
UC Riverside,61.5,59.7,74.0,63.9,59.6,60.1
LSU,61.5,52.7,49.0,65.0,56.5,74.8
TX-Pan Am,61.2,66.0,71.0,65.0,59.5,62.1
Utah Valley,61.2,60.7,53.0,66.8,57.0,69.6
Central Conn,61.1,68.3,63.0,67.0,56.6,64.8
DePaul,61.0,63.3,49.0,62.3,59.8,64.3
Prairie View,60.8,63.7,49.0,62.8,59.6,68.2
Maryland ES,60.8,51.3,53.0,65.3,58.1,58.6
Wagner,60.8,65.3,81.0,61.6,60.2,67.4
Alcorn St,60.6,64.3,69.0,62.7,59.5,69.3
Citadel,60.6,60.7,61.0,61.3,60.1,66.0
Iowa,60.5,48.3,52.0,66.1,53.4,60.2
St Fran (NY),60.4,60.0,56.0,59.8,60.9,65.7
SIU Edward,60.4,68.3,40.0,60.7,60.3,61.8
Ball St,60.3,57.0,77.0,64.4,55.3,57.6
Oregon St,60.3,66.7,78.0,63.6,56.1,60.6
Army,60.3,50.0,45.0,59.7,60.7,58.0
Columbia,60.2,55.0,65.0,60.3,60.1,60.3
Presbyterian,60.2,60.7,48.0,62.4,59.2,59.6
Coppin St,60.1,56.3,58.0,65.2,57.1,62.9
SC Upstate,60.0,58.3,60.0,65.9,55.9,60.4
Chicago St,59.9,69.0,77.0,73.5,54.5,82.8
N Hampshire,59.8,61.0,38.0,64.2,56.7,61.2
USC,59.6,60.7,84.0,60.7,58.4,68.5
Princeton,59.4,66.0,59.0,58.5,60.2,57.6
NJIT,59.4,61.0,64.0,62.2,57.9,49.8
Southern,59.2,63.7,62.0,64.7,55.9,63.0
Stetson,58.9,68.7,65.0,62.6,55.9,66.1
Wins-Salem,58.8,55.7,61.0,60.2,58.1,56.7
N Florida,58.8,54.7,69.0,57.8,59.4,56.1
New Orleans,58.5,61.7,58.0,57.1,59.5,61.4
Beth-Cook,58.5,61.0,55.0,61.4,56.8,56.8
Howard,58.4,54.3,55.0,62.0,57.0,61.3
Delaware St,58.1,60.0,66.0,61.6,55.1,57.1
Samford,57.4,51.7,43.0,58.1,57.0,60.9
W Illinois,57.1,60.0,68.0,58.6,56.0,58.1
NC Central,56.8,69.0,69.0,64.0,54.0,60.1
Marist,56.1,48.0,54.0,58.1,54.6,64.0
Air Force,55.6,56.7,69.0,56.1,55.1,57.4
Savannah St,55.5,65.3,54.0,54.4,56.1,55.7
Toledo,53.8,52.3,54.0,54.8,53.1,58.6
Dartmouth,53.0,56.0,68.0,52.7,53.2,61.3
Bryant,51.9,53.0,54.0,52.4,51.6,57.6
